0 0
0.1 0
0.2 0
0.3 0
0.4 0
0.5 0
0.6 0
0.7 0
0.8 0
0.9 0
1 0
1.1 91.729
1.2 91.3785
1.3 91.2695
1.4 91.2617
1.5 91.2336
1.6 91.215
1.7 91.1983
1.8 91.1828
1.9 91.176
2 91.1729
2.1 91.1788
2.2 91.1799
2.3 91.179
2.4 91.1749
2.5 91.1682
2.6 91.1711
2.7 91.1696
2.8 91.1734
2.9 91.167
3 91.1671
3.1 91.1716
3.2 91.1672
3.3 91.1682
3.4 91.1711
3.5 91.1699
3.6 91.1644
3.7 91.1637
3.8 91.1672
3.9 91.1648
4 91.161
4.1 91.1567
4.2 91.1556
4.3 91.1539
4.4 91.1536
4.5 91.1487
4.6 91.148
4.7 91.1485
4.8 91.149
4.9 91.1483
5 91.1482
5.1 91.1487
5.2 91.1486
5.3 91.1447
5.4 91.1431
5.5 91.1447
5.6 91.1412
5.7 91.1393
5.8 91.1433
5.9 91.1432
6 91.1432
6.1 91.141
6.2 91.1406
6.3 91.142
6.4 91.1434
6.5 91.143
6.6 91.1426
6.7 91.1422
6.8 91.1415
6.9 91.1403
7 91.1423
7.1 91.1466
7.2 91.1477
7.3 91.148
7.4 91.1476
7.5 91.1476
7.6 91.1461
7.7 91.1464
7.8 91.1457
7.9 91.1461
8 91.1444
8.1 91.1437
8.2 91.1434
8.3 91.1431
8.4 91.1415
8.5 91.1409
8.6 91.141
8.7 91.1413
8.8 91.1426
8.9 91.1429
9 91.1432
9.1 91.1421
9.2 91.1427
9.3 91.1419
9.4 91.1413
9.5 91.1425
9.6 91.1433
9.7 91.1423
9.8 91.1426
9.9 91.1421
10 91.1421
10.1 91.1419
10.2 91.1424
10.3 91.1439
10.4 91.1429
10.5 91.1437
10.6 91.1444
10.7 91.1442
10.8 91.1437
10.9 91.1444
11 91.1442
11.1 91.1451
11.2 91.1447
11.3 91.1442
11.4 91.1433
11.5 91.1438
11.6 91.1431
11.7 91.1423
11.8 91.1423
11.9 91.1414
12 91.1419
12.1 91.1413
12.2 91.1417
12.3 91.1414
12.4 91.1412
12.5 91.1412
12.6 91.14
12.7 91.1405
12.8 91.1413
12.9 91.1415
13 91.1414
13.1 91.1408
13.2 91.141
13.3 91.1408
13.4 91.1399
13.5 91.1392
13.6 91.1391
13.7 91.1382
13.8 91.1383
13.9 91.138
14 91.1384
14.1 91.1382
14.2 91.1388
14.3 91.1392
14.4 91.1384
14.5 91.1381
14.6 91.1376
14.7 91.1378
14.8 91.1384
14.9 91.1386
15 91.1385
15.1 91.1377
15.2 91.1373
15.3 91.1372
15.4 91.137
15.5 91.1373
15.6 91.1376
15.7 91.138
15.8 91.1383
15.9 91.1388
16 91.1387
16.1 91.1386
16.2 91.1385
16.3 91.1393
16.4 91.1395
16.5 91.1392
16.6 91.1388
16.7 91.1383
16.8 91.1382
16.9 91.1383
17 91.1379
17.1 91.1389
17.2 91.1392
17.3 91.1398
17.4 91.14
17.5 91.1404
17.6 91.1404
17.7 91.1399
17.8 91.1397
17.9 91.1398
18 91.1394
18.1 91.1396
18.2 91.1393
18.3 91.1392
18.4 91.1397
18.5 91.1406
18.6 91.1407
18.7 91.14
18.8 91.1404
18.9 91.1402
19 91.1409
19.1 91.1404
19.2 91.1414
19.3 91.1408
19.4 91.1406
19.5 91.1402
19.6 91.1406
19.7 91.14
19.8 91.1397
19.9 91.1397
20 91.1397
20.1 91.1398
20.2 91.1398
20.3 91.1399
20.4 91.1405
20.5 91.1407
20.6 91.1406
20.7 91.141
20.8 91.1411
20.9 91.1411
21 91.1413
21.1 91.1409
21.2 91.1406
21.3 91.1404
21.4 91.1404
21.5 91.1404
21.6 91.1407
21.7 91.1406
21.8 91.1404
21.9 91.1401
22 91.1403
22.1 91.1402
22.2 91.1411
22.3 91.1408
22.4 91.1409
22.5 91.1411
22.6 91.1417
22.7 91.1418
22.8 91.1414
22.9 91.1409
23 91.141
23.1 91.1409
23.2 91.1412
23.3 91.1412
23.4 91.1412
23.5 91.1418
23.6 91.1412
23.7 91.141
23.8 91.1407
23.9 91.1409
24 91.1407
24.1 91.1406
24.2 91.1412
24.3 91.1406
24.4 91.14
24.5 91.1396
24.6 91.1394
24.7 91.1392
24.8 91.1395
24.9 91.1396
25 91.1396
25.1 91.1397
25.2 91.14
25.3 91.1397
25.4 91.1401
25.5 91.1402
25.6 91.1402
25.7 91.14
25.8 91.1401
25.9 91.1404
26 91.1405
26.1 91.1408
26.2 91.1406
26.3 91.1403
26.4 91.1402
26.5 91.1403
26.6 91.1402
26.7 91.1402
26.8 91.1401
26.9 91.1398
27 91.1396
27.1 91.1396
27.2 91.1396
27.3 91.1395
27.4 91.1396
27.5 91.1401
27.6 91.14
27.7 91.1402
27.8 91.1402
27.9 91.1403
28 91.1403
28.1 91.1406
28.2 91.1401
28.3 91.1399
28.4 91.1394
28.5 91.1391
28.6 91.1392
28.7 91.1398
28.8 91.1397
28.9 91.1395
29 91.1396
29.1 91.1398
29.2 91.1402
29.3 91.1397
29.4 91.1399
29.5 91.14
29.6 91.1402
29.7 91.1401
29.8 91.1398
29.9 91.1401
30 91.1401
30.1 91.1402
30.2 91.1403
30.3 91.1408
30.4 91.1404
30.5 91.1408
30.6 91.141
30.7 91.1409
30.8 91.1407
30.9 91.1406
31 91.1405
31.1 91.1407
31.2 91.1406
31.3 91.1408
31.4 91.1409
31.5 91.1408
31.6 91.1409
31.7 91.1406
31.8 91.1406
31.9 91.1409
32 91.1407
32.1 91.1407
32.2 91.1408
32.3 91.141
32.4 91.1408
32.5 91.1409
32.6 91.1413
32.7 91.1415
32.8 91.1421
32.9 91.1424
33 91.1422
33.1 91.1422
33.2 91.1419
33.3 91.1415
33.4 91.1415
33.5 91.1416
33.6 91.1418
33.7 91.1416
33.8 91.1414
33.9 91.141
34 91.1407
34.1 91.1409
34.2 91.1413
34.3 91.1411
34.4 91.1409
34.5 91.1408
34.6 91.1406
34.7 91.1401
34.8 91.1404
34.9 91.1404
35 91.1403
35.1 91.1403
35.2 91.1401
35.3 91.1404
35.4 91.1402
35.5 91.1403
35.6 91.1402
35.7 91.1401
35.8 91.1398
35.9 91.14
36 91.1397
36.1 91.1399
36.2 91.1402
36.3 91.1403
36.4 91.1404
36.5 91.1403
36.6 91.1404
36.7 91.1404
36.8 91.1405
36.9 91.1404
37 91.1407
37.1 91.1408
37.2 91.141
37.3 91.1412
37.4 91.1414
37.5 91.1418
37.6 91.1422
37.7 91.142
37.8 91.1416
37.9 91.1416
38 91.1414
38.1 91.1409
38.2 91.1409
38.3 91.1407
38.4 91.1407
38.5 91.1408
38.6 91.1409
38.7 91.1409
38.8 91.1408
38.9 91.1408
39 91.1408
39.1 91.141
39.2 91.1409
39.3 91.1409
39.4 91.1407
39.5 91.1406
39.6 91.1407
39.7 91.1407
39.8 91.1406
39.9 91.1404
40 91.1405
40.1 91.1404
40.2 91.1407
40.3 91.1408
40.4 91.1409
40.5 91.141
40.6 91.141
40.7 91.1412
40.8 91.1412
40.9 91.1414
41 91.1412
41.1 91.1412
41.2 91.1412
41.3 91.1409
41.4 91.1408
41.5 91.1411
41.6 91.1411
41.7 91.1412
41.8 91.1412
41.9 91.1412
42 91.1413
42.1 91.1413
42.2 91.1411
42.3 91.1409
42.4 91.1406
42.5 91.1403
42.6 91.1404
42.7 91.1404
42.8 91.1405
42.9 91.1407
43 91.1406
43.1 91.1408
43.2 91.1408
43.3 91.1411
43.4 91.1412
43.5 91.1412
43.6 91.1411
43.7 91.1413
43.8 91.1413
43.9 91.1413
44 91.1412
44.1 91.1411
44.2 91.1412
44.3 91.1414
44.4 91.1412
44.5 91.1412
44.6 91.1412
44.7 91.1411
44.8 91.1412
44.9 91.1413
45 91.1414
45.1 91.1409
45.2 91.1409
45.3 91.141
45.4 91.141
45.5 91.1412
45.6 91.1411
45.7 91.1412
45.8 91.1413
45.9 91.1413
46 91.1414
46.1 91.1412
46.2 91.1412
46.3 91.1409
46.4 91.1411
46.5 91.141
46.6 91.1409
46.7 91.1407
46.8 91.1408
46.9 91.1405
47 91.1406
47.1 91.1405
47.2 91.1408
47.3 91.1406
47.4 91.1409
47.5 91.1411
47.6 91.1413
47.7 91.1412
47.8 91.141
47.9 91.141
48 91.1412
48.1 91.1413
48.2 91.1412
48.3 91.1412
48.4 91.1416
48.5 91.1414
48.6 91.1416
48.7 91.1417
48.8 91.1421
48.9 91.142
49 91.1422
49.1 91.1425
49.2 91.1425
49.3 91.1426
49.4 91.1427
49.5 91.1428
49.6 91.1427
49.7 91.1427
49.8 91.1427
49.9 91.1423
50 91.1423
50.1 91.1423
50.2 91.1423
50.3 91.1423
50.4 91.1423
50.5 91.1423
50.6 91.1419
50.7 91.1418
50.8 91.1419
50.9 91.1421
51 91.1422
51.1 91.1421
51.2 91.1418
51.3 91.1418
51.4 91.1418
51.5 91.1419
51.6 91.1419
51.7 91.1417
51.8 91.1416
51.9 91.1416
52 91.1417
52.1 91.1418
52.2 91.1418
52.3 91.142
52.4 91.1421
52.5 91.1421
52.6 91.1422
52.7 91.1422
52.8 91.142
52.9 91.1421
53 91.1421
53.1 91.142
53.2 91.1418
53.3 91.1417
53.4 91.1417
53.5 91.1417
53.6 91.1417
53.7 91.1419
53.8 91.1418
53.9 91.1416
54 91.1414
54.1 91.1413
54.2 91.1411
54.3 91.1412
54.4 91.1412
54.5 91.1412
54.6 91.1415
54.7 91.1416
54.8 91.1416
54.9 91.1417
55 91.1419
55.1 91.1418
55.2 91.1417
55.3 91.1416
55.4 91.1416
55.5 91.1416
55.6 91.1418
55.7 91.1417
55.8 91.1417
55.9 91.1414
56 91.1413
56.1 91.1412
56.2 91.141
56.3 91.1411
56.4 91.1411
56.5 91.141
56.6 91.1412
56.7 91.141
56.8 91.1412
56.9 91.1412
57 91.1412
57.1 91.1412
57.2 91.141
57.3 91.141
57.4 91.141
57.5 91.141
57.6 91.1409
57.7 91.1409
57.8 91.1409
57.9 91.1408
58 91.1408
58.1 91.1408
58.2 91.1408
58.3 91.1406
58.4 91.1404
58.5 91.1402
58.6 91.14
58.7 91.1402
58.8 91.1402
58.9 91.1402
59 91.1405
59.1 91.1405
59.2 91.1406
59.3 91.1408
59.4 91.1408
59.5 91.1408
59.6 91.1409
59.7 91.1411
59.8 91.1411
59.9 91.1412
